49397
49214
15
275
49218
49218
49219
49219
49219
49219
49218
49218
275
512
512
512
512
512
512
512
512
512
512
512
512
512
512
512
512
512
512
512
512
512
512
512
512
512
512
512
512
512
512
512
512
512
512
160
160
160
160
160
160
160
160
160
161
160
160
160
512
674
512
512
512
512
512
512
512
512
512
512
512
512
512
512
512
512
512
512
512
512
512
512
512
512
512
512
512
512
512
512
512
512
512
512
512
512
512
512
512
512
512
512
512
512
512
512
512
512
512
512
512
512
512
512
512
512
512
512
512
512
512
512
512
160
160
160
160
160
160
160
512
674
512
160
160
160
160
160
160
160
160
160
160
160
160
160
160
160
160
160
160
160
161
18
